1.1386604602849693
1.1132338824372714
1.0721478669367321
1.0288066658972999
0.9906865525323152
0.9521159530752673
0.914192567223842
0.8846916701401843
0.8521826918583935
0.8245235535212427
0.7985221761330518
0.7781585135412152
0.7585231794930957
0.739730384925565
0.7262052455487198
0.7122302987669473
0.7015805913563737
0.6902927042018752
0.6798428415193524
0.6722838270738425
0.6639359637788327
0.6557901631764977
0.6496089546825881
0.6424669784867008
0.6366343270968817
0.6303840364249641
0.6249288790484568
0.6199805762370976
0.6148317395575856
0.6099669792955519
0.6052914601425228
0.6007771196312207
0.5965124178297606
0.5923921907861525
0.5883768951699921
0.5844804087898392
0.5808428110896913
0.5768888369664752
0.573244397639559
0.5698780381469291
0.566534015400103
0.5632438924365805
0.5601004002262502
0.5570131274293192
0.5542476552831344
0.5511208562614576
0.5483534560687319
0.5454689215970985
0.5426518948938303
0.5400280416705647
0.5373383614124673
0.5346310898601727
0.532156236233896
0.5297425312349984
0.5275425331207715
0.5252203356318935
0.5227269280273772
0.5205974527386744
0.5181380861966298
0.516077555724387
0.5138942816556693
0.5116580264542925
0.5096009628305247
0.5073476815065032
0.5054746856455711
0.5033724835000172
0.5012939140892949
0.49944257540684384
0.49751353035273504
0.4954162524244644
0.49349535445641773
0.4918318398872241
0.4897993041892569
0.48803714712370966
0.4859455467075503
0.4840847491703838
0.48238317976942385
0.48053060467246533
0.4788354704028891
0.4770190784680149
0.4752342017334318
0.4736552395551986
0.4720006692492589
0.4702943637937112
0.4685917568140453
0.4669103640140516
0.46509424542119865
0.4634282182375849
0.4618968973001734
0.46020563418000304
0.4587724251730103
0.4569979239821368
0.4556154400671698
0.45407974400508855
0.45241601156312516
0.4509811136133993
0.4493689237226119
0.4478560447908172
0.44632415974754003
0.444980248645082
0.44350685690586455
0.4419940914460805
0.4404841652042031
0.43911701595828423
0.4376889821485407
0.4362421263213508
0.4349839891661357
0.43347497488196096
0.4321675896077924
0.4309209827971534
0.42944835913950924
0.42823605304182105
0.42686362720776405
0.42563265723954447
0.4243246155787194
0.4229861110597721
0.42180646748217565
0.4205483087481786
0.41923355265920004
0.41803368328068546
0.41674554851016005
0.41566489848740457
0.414409213525468
0.4132410442141651
0.41204836229527914
0.41093234528260597
0.4097193603854901
0.40865185126937664
0.40740475520928526
0.40636412493794727
0.4052190679897202
0.4041908440964112
0.40299774997305393
0.40195062724709707
0.40085611935393073
0.39984737967195316
0.398868104194971
0.3977877091471203
0.39674029878858097
0.3956952522272771
0.3947438878019111
0.3936884878870617
0.39271591944141804
0.3917011647674441
0.39081253870671895
0.38980903273804524
0.38885952604638796
0.38790631738925535
0.3869602156497334
0.38606808255200886
0.3851690779875183
0.38425359314793606
0.3833576293873081
0.38248856957685107
0.3815692455119515
0.3807130992041911
0.37986773322602063
0.37898073174846403
0.3781271202281634
0.37730422333366215
0.37648078978900856
0.3756661621887585
0.37489917403658235
0.37403349645938
0.37329715323933904
0.3724964252408579
0.3716488342456191
0.370867275926997
0.3701617207492816
0.36934851328742524
0.36860588591269444
0.36783065420898176
0.36711456297735134
0.3664058759846861
0.36561655501191137
0.36489224117130126
0.3642040440685429
0.36353653222917814
0.3628293678377224
0.3620948589131009
0.3613845258122672
0.3607145577177735
0.36001674940621
0.3593634728715728
0.35873521388220797
0.3580595682101684
0.3574257820886384
0.35673396079629127
0.3560786348951035
0.35552268602142323
0.3548845066386882
0.3542491407466945
0.3536060829629246
0.352990467629579
0.35239932737269036
0.35179013771825646
0.35116590154308497
0.35056670741799467
0.3500249089054096
0.34940716286006235
0.34882232393396234
0.3483015720214236
0.34776866070337237
0.34720549727172545
0.3465830375839043
0.3460498225393651
0.3455240149060734
0.34494184436006436
0.34442886820607094
0.34391735972344867
0.34338441741878634
0.3428615743367692
0.3423537707126094
0.3418535350661518
0.34133814704251664
0.340777564137452
0.3403124938654316
0.33976800044588146
0.33929491614904217
0.33884422789064417
0.33831902480400944
0.3378365150791045
0.3373843459809803
0.33686845017688904
0.33645344385048426
0.3360022835239457
0.33547730154893374
0.335031071635296
0.3345642816335439
0.3341416640011225
0.333661975949087
0.33325897435293567
0.33283076817731577
0.3323621505680282
0.3319533858007758
0.33149823833552694
0.3311212314628594
0.3307102951548536
0.33022620730234575
0.32981501675477176
0.3294211112913322
0.3290340747641263
0.32860357015731456
0.32821315249252025
0.3277892038702587
0.32744756890603444
0.3270038297204838
0.326644835417262
0.32621460130206414
0.32586676529925623
0.325454960771418
0.32512147622154564
0.32470643903990914
0.32432634527879656
0.3239827674670658
0.32362866589361916
0.3232219930678318
0.3228942296794704
0.3225690945141948
0.3222106902203023
0.3218658956069412
0.3214534241669973
0.3210954092645638
0.3208138697356443
0.3204547499071105
0.32010058426068744
0.3197371756890758
0.31940592198967566
0.31907524704113266
0.3187424426883031
0.31841573510526466
0.31812694813059056
0.31781946843895836
0.3174665773048376
0.31714108421784526
0.316814077914469
0.3165157128295818
0.3161786357136892
0.31587513235210796
0.31556645992835397
0.3152603583543112
0.31499257745801523
0.3146496476505172
0.3143566073159235
0.31405636472378406
0.31375875074573084
0.31349818446862915
0.31317212024605634
0.3130029599781496
0.31265588942642075
0.3123437964955271
0.3120613562900558
0.3118543953468149
0.31147522142091233
0.3112024213492681
0.31097677106410704
0.31070325349230454
0.3104332055699247
0.31017859383985835
0.30987398847149694
0.3095887090646147
0.3093208225495916
0.30904939472923654
0.3088540841272365
0.3085199154866675
0.30832842472463795
0.30801665318659743
0.30778114678721724
0.30756654672338235
0.3072733859123111
0.3070365461342758
0.306777712416796
0.30651313993582724
0.30627600185155335
0.306044299061193
0.3057853666949927
0.3055415004981212
0.3053030246386788
0.30511070389883915
0.30489633970471797
0.3045919632883186
0.30436159928939155
0.30417180707515235
0.30392635542454927
0.3036965731325417
0.3034590419358638
0.30324716212042957
0.30305939133569293
0.30277349422401284
0.3025646858051616
0.3023338730707518
0.30214924258706694
0.301952354184553
0.30169260903374306
0.3014807225741389
0.3013144373426492
0.3010486131060178
0.30084417994359447
0.3006169954604226
0.3004221020796976
0.3002114204693629
0.300040852145784
0.2997843626822304
0.2996356308309305
0.2994147486395989
0.2991778580633779
0.2989769644274975
0.2987971426271501
0.2985781184739683
0.2983942012152959
0.2982226936051561
0.2980005874851717
0.2978018397365259
0.29761624378258555
0.2974281906937962
0.29723001803856763
0.2970369108636481
0.2969098057772678
0.29665385050000204
0.2964834181984981
0.2963271520058685
0.29609728968054316
0.2959204934009265
0.29573597998199885
0.29555374103306065
0.2953670273480651
0.2951918894934834
0.29502868413449346
0.29488248522098065
0.29470430115239643
0.29456034809378584
0.2943220880538105
0.29413454435178626
0.29396446414996924
0.2937941054978927
0.29363871461667057
0.2934777166295691
0.2932701459482723
0.2931331173196914
0.29296531256616676
0.2927641512192791
0.29261696026395373
0.2924289697374004
0.2922891652934254
0.29211885851215513
0.29194479473728135
0.2917884348656812
0.291663330572441
0.2914600412418082
0.29130264873310185
0.2911352346676349
0.2909874132072334
0.2908278710621687
0.2906692689731364
0.29049609417536165
0.2903497395423261
0.29019030536563173
0.2900413674574171
0.2899315450213786
0.2897194489210636
0.28957060907918025
0.2894511624502972
0.28931899278258255
0.2891747715665306
0.2890123656015677
0.2888268932220343
0.2886639767589463
0.2885184863409548
0.2883843545932778
0.28822639658185933
0.2880823412917515
0.2879291834134538
0.2878018082056545
0.28765803971775644
0.2874926225294401
0.2873986350885286
0.28725947712325095
0.2870684157692056
0.2869488531076865
0.2867906404233166
0.28667832155060813
0.286514850258009
0.28637485130295615
0.2862346977931123
0.28610